NAME : GeneratedProblem.72255.tour
COMMENT : Length = 72255
COMMENT : Found by LKH [Keld Helsgaun] Sun Dec 30 10:03:31 2018
TYPE : TOUR
DIMENSION : 242
TOUR_SECTION
1
4
27
26
48
49
53
61
77
76
75
74
73
98
96
97
95
102
104
93
89
82
72
66
57
47
43
13
35
56
80
94
100
108
119
113
120
111
116
124
127
130
133
134
135
138
144
145
146
139
147
148
150
155
151
153
159
160
162
167
166
172
174
175
177
178
180
181
183
185
186
188
189
192
196
217
198
207
218
226
231
223
208
209
210
211
215
219
221
224
227
228
232
237
238
239
240
241
242
233
234
235
236
229
230
225
222
220
216
214
206
205
204
203
202
201
200
213
212
199
197
195
194
193
191
190
187
184
182
179
176
173
171
169
170
168
165
164
163
161
158
154
152
156
157
149
141
143
142
140
137
136
132
131
129
128
126
125
123
122
117
115
114
112
118
121
110
106
109
107
105
103
101
99
92
71
65
52
46
45
44
42
41
40
55
79
70
54
34
33
32
31
39
38
30
25
21
18
12
3
11
8
7
10
6
2
5
9
15
23
28
17
20
24
29
37
51
60
59
63
64
69
81
84
87
91
90
88
86
85
83
68
62
78
67
58
50
36
22
19
16
14
-1
EOF
