NAME : xqf131.564.tour
COMMENT : Length = 564
COMMENT : Found by LKH [Keld Helsgaun] Sun Nov 25 09:14:50 2018
TYPE : TOUR
DIMENSION : 131
TOUR_SECTION
1
6
7
8
2
3
9
10
4
11
24
43
44
42
41
40
39
23
38
37
22
36
35
34
33
21
32
31
30
20
29
28
46
54
55
47
48
49
50
51
52
57
56
62
65
69
66
70
76
71
67
63
58
59
60
61
73
72
80
79
83
84
85
86
90
91
95
96
97
104
103
111
110
109
115
119
116
120
117
122
129
128
127
131
126
125
124
113
108
107
106
102
101
100
105
114
118
121
130
123
112
98
89
93
99
94
92
88
87
82
81
78
77
75
68
64
74
53
45
26
27
19
17
16
15
14
25
18
13
5
12
-1
EOF
