NAME : GeneratedProblem.479929.tour
COMMENT : Length = 479929
COMMENT : Found by LKH [Keld Helsgaun] Wed Nov 21 12:33:44 2018
TYPE : TOUR
DIMENSION : 2089
TOUR_SECTION
1
2
3
4
5
6
7
8
9
10
12
13
16
17
19
28
27
30
32
33
35
38
36
59
64
70
69
77
76
75
68
54
58
57
56
63
62
67
66
74
73
81
80
84
83
89
88
93
92
91
96
95
122
131
99
98
102
101
110
109
121
130
149
148
156
157
171
176
187
203
211
192
218
224
234
247
256
225
226
263
266
275
270
276
284
293
302
312
311
337
322
328
338
357
364
353
359
358
374
382
389
393
404
410
415
420
426
432
438
443
450
457
433
470
471
477
518
535
542
548
556
565
573
582
572
581
589
606
605
623
624
642
654
664
676
688
698
757
756
775
813
797
785
784
774
734
722
721
720
697
687
686
675
685
684
674
663
653
640
588
604
641
571
580
561
555
547
541
534
529
517
512
502
495
492
487
488
480
476
469
468
392
356
463
467
456
462
437
431
425
419
414
408
409
403
397
398
399
391
388
336
363
352
355
368
373
381
387
396
407
413
418
424
423
430
436
449
455
454
453
461
466
475
479
486
485
510
554
546
540
533
524
525
526
527
528
500
501
508
511
516
570
579
578
577
586
600
599
617
630
650
660
669
680
693
679
692
702
707
716
715
728
740
753
770
769
780
792
803
818
832
848
874
888
847
846
845
844
843
831
911
912
913
914
915
935
947
946
959
958
974
987
957
973
986
995
1008
1021
1048
1062
1073
1088
1100
1116
1125
1139
1162
1163
1126
1101
1089
1074
1075
1063
1064
1049
1128
1164
1127
1170
1177
1181
1188
1187
1169
1168
1176
1195
1201
1200
1204
1207
1217
1240
1253
1263
1273
1283
1308
1333
1348
1356
1364
1375
1380
1332
1355
1395
1386
1396
1434
1452
1490
1491
1503
1504
1505
1517
1518
1506
1519
1530
1520
1531
1540
1532
1541
1555
1556
1561
1562
1570
1581
1592
1593
1606
1616
1629
1381
1324
1309
1284
1241
1196
1190
1189
1182
1065
1050
1011
1001
1000
1010
1009
1023
1022
960
961
948
936
928
916
917
918
919
1012
1036
920
889
862
850
849
804
805
695
694
671
670
651
601
587
618
631
632
633
634
635
636
619
620
602
603
621
637
638
652
661
662
672
681
696
703
708
717
729
754
771
781
793
819
851
875
898
921
890
899
937
949
950
962
975
976
951
938
929
900
892
891
876
877
852
820
807
795
782
772
719
710
733
743
732
742
806
794
755
741
730
731
718
709
682
673
639
622
683
744
773
783
796
808
821
822
809
810
811
812
863
901
922
864
823
824
825
833
834
835
853
893
902
854
903
996
1002
1013
1025
1024
1038
1039
1053
1052
1067
1078
1091
1118
1131
1130
1141
1166
1173
1179
1184
1192
1198
1178
1172
1117
1077
977
1037
1051
1066
1076
1090
1102
1129
1140
1165
1171
1183
1191
1197
1202
1205
1208
1213
1214
1219
1224
1242
1254
1264
1243
1310
1366
1365
1349
1357
1371
1376
1382
1387
1397
1404
1436
1412
1411
1423
1435
1453
1466
1473
1472
1481
1492
1571
1582
1630
1617
1661
1670
1660
1693
1692
1691
1707
1716
1715
1727
1726
1773
1736
1735
1750
1749
1761
1760
1759
1780
1788
1806
1772
1771
1779
1796
1820
1832
1882
1887
1886
1873
1795
1794
1770
1682
1615
1605
1604
1639
1628
1603
1591
1638
1681
1690
1700
1706
1714
1725
1734
1748
1769
1758
1747
1733
1724
1713
1705
1704
1699
1689
1680
1679
1669
1668
1678
1677
1676
1688
1698
1703
1675
1666
1667
1657
1658
1648
1649
1659
1589
1590
1580
1539
1529
1516
1515
1514
1554
1553
1538
1552
1551
1569
1579
1614
1627
1626
1637
1647
1656
1665
1674
1687
1697
1702
1712
1723
1732
1746
1757
1756
1768
1785
1778
1787
1786
1793
1819
1818
1831
1844
1851
1859
1867
1872
1881
1880
1893
1894
1903
1906
1911
1917
1921
1922
1926
1930
1933
1946
1938
1947
1957
1961
1966
1974
1983
1989
2013
2012
2004
1982
1981
1973
1972
1965
1979
1980
1987
1988
1994
1995
2002
2003
2011
2020
2027
2021
2041
2064
2063
2067
2068
2077
2083
2057
2050
2046
2062
2066
2076
2056
2045
2043
2040
2033
2026
2032
2025
2019
2010
2001
2039
2049
2061
2060
2080
2055
2054
2053
2037
2038
2009
1971
1960
1956
1943
1937
1944
1945
1879
1871
1866
1825
1812
1805
1792
1784
1777
1767
1766
1745
1744
1696
1684
1685
1673
1686
1654
1655
1624
1625
1613
1601
1602
1588
1578
1567
1568
1560
1527
1550
1536
1537
1528
1513
1502
1488
1489
1479
1480
1470
1471
1463
1464
1465
1451
1433
1432
1450
1449
1448
1422
1421
1410
1403
1402
1409
1420
1408
1407
1419
1431
1430
1447
1462
1469
1446
1445
1461
1478
1487
1501
1500
1512
1526
1566
1565
1577
1600
1612
1623
1636
1646
1645
1653
1664
1672
1644
1695
1694
1701
1711
1722
1731
1743
1755
1765
1776
1783
1791
1799
1804
1810
1811
1824
1830
1843
1850
1858
1864
1865
1869
1870
1877
1878
1885
1892
1902
1901
1900
1915
1910
1899
1891
1898
1863
1857
1823
1970
1978
1985
1993
1986
1999
2007
2000
2015
2029
2035
2030
2023
2016
2017
2008
2018
2024
2031
2036
2042
2044
2048
2052
2058
2059
2089
2075
2074
2073
2072
2071
2070
2069
2079
2082
2085
2088
2087
2086
2084
2081
2078
2065
2051
2047
2034
2028
2006
1998
1992
1977
1967
1963
1968
1969
1964
1959
1955
1952
1848
1849
1837
1838
1839
1840
1841
1842
1835
1828
1829
1822
1817
1809
1803
1798
1790
1754
1652
1635
1622
1611
1599
1576
1575
1587
1586
1585
1598
1597
1610
1609
1608
1621
1620
1619
1634
1633
1632
1643
1642
1651
1663
1671
1683
1721
1710
1720
1719
1730
1742
1741
1718
1709
1717
1728
1729
1740
1739
1738
1737
1753
1752
1764
1763
1775
1774
1782
1789
1797
1801
1800
1807
1814
1821
1827
1834
1833
1846
1854
1889
1847
1815
1816
1808
1802
1856
1855
1862
1861
1876
1875
1884
1883
1890
1897
1905
1904
1909
1908
1914
1913
1916
1920
1919
1925
1929
1932
1936
1942
1954
1958
1962
1953
1950
1951
1924
1888
1896
1907
1912
1918
1923
1928
1931
1935
1941
1949
1976
1997
2005
1991
1975
1984
1990
2022
2014
1996
1939
1940
1948
1934
1927
1895
1874
1868
1860
1853
1852
1845
1836
1826
1813
1781
1762
1751
1708
1640
1650
1662
1641
1631
1618
1607
1594
1595
1572
1563
1573
1583
1596
1584
1574
1564
1558
1557
1543
1542
1533
1521
1507
1493
1482
1424
1413
1425
1437
1454
1467
1474
1494
1495
1522
1534
1544
1545
1546
1559
1547
1535
1523
1508
1524
1509
1548
1549
1483
1475
1455
1456
1525
1510
1511
1496
1497
1498
1484
1485
1486
1499
1476
1457
1406
1439
1440
1441
1427
1393
1416
1442
1458
1468
1459
1443
1444
1428
1429
1417
1418
1477
1460
1394
1363
1354
1347
1331
1323
1307
1282
1272
1262
1252
1238
1239
1223
1222
1221
1237
1220
1236
1235
1234
1261
1271
1233
1232
1231
1230
1229
1228
1227
1226
1225
1251
1250
1249
1248
1306
1247
1246
1260
1259
1210
1258
1269
1270
1281
1280
1305
1322
1346
1330
1329
1345
1344
1343
1342
1341
1328
1340
1321
1320
1319
1318
1317
1339
1304
1268
1279
1278
1303
1302
1301
1300
1299
1298
1297
1296
1295
1294
1293
1292
1291
1290
1316
1327
1338
1353
1362
1370
1374
1379
1385
1392
1401
1415
1426
1438
1414
1400
1391
1384
1337
1315
1336
1277
1289
1314
1326
1325
1335
1351
1352
1361
1369
1360
1359
1368
1373
1378
1390
1399
1405
1398
1389
1388
1383
1377
1372
1367
1358
1350
1334
1311
1285
1286
1287
1312
1313
1288
1276
1275
1274
1265
1255
1256
1266
1267
1257
1245
1244
1218
1216
1215
1212
1211
1209
1206
1203
1199
1193
1194
1185
1186
1180
1167
1132
1142
1175
1174
1054
1040
1026
1027
1041
1079
1055
1042
1028
1014
1003
997
988
978
963
952
939
930
923
905
894
878
866
856
837
904
865
855
836
826
814
798
786
776
758
745
735
723
815
799
787
777
759
746
736
724
711
704
699
689
677
655
665
656
643
644
608
591
607
590
566
567
562
557
549
543
536
530
520
514
509
503
496
493
513
519
481
458
489
482
478
472
464
459
451
444
445
439
434
427
428
421
416
411
400
375
370
366
361
369
365
360
348
342
330
317
306
295
286
278
272
268
265
262
258
250
237
229
150
159
167
166
172
178
183
190
195
194
198
206
214
220
228
236
249
257
261
264
267
271
277
285
294
305
304
303
314
315
316
323
329
341
340
339
347
354
346
313
248
235
227
219
212
204
213
205
197
193
189
188
182
177
165
158
140
132
103
60
104
105
141
142
133
134
123
124
125
111
112
113
114
115
85
43
44
45
46
47
48
49
50
51
52
55
100
106
137
174
200
251
259
238
232
222
215
207
199
196
191
184
179
173
168
161
160
152
151
144
143
136
135
128
127
126
118
117
116
221
230
231
279
273
280
287
296
324
331
343
349
371
372
367
362
350
344
332
325
318
307
297
288
281
274
269
333
334
395
402
385
376
384
383
390
394
401
405
412
417
422
429
435
440
446
447
452
460
465
473
483
490
494
497
491
515
538
545
521
531
537
544
550
558
563
568
575
574
583
592
609
625
646
645
657
691
666
678
690
700
706
705
713
712
726
725
739
738
737
751
789
788
750
749
748
767
766
765
764
763
762
761
747
760
800
827
838
857
880
867
879
895
906
924
953
964
1015
1029
1068
1080
1081
1056
1092
1093
1103
1104
1105
1106
1107
1108
1058
1057
990
989
979
965
954
940
931
925
908
907
896
881
882
883
884
885
868
869
870
871
858
859
839
840
966
980
991
1016
1109
1133
1119
1110
1094
1082
1083
1030
1084
1095
1111
1120
1134
1143
1135
1144
1096
1145
1146
1147
1148
1149
1150
1151
1112
1097
1113
1152
1153
1154
1155
1156
1157
1158
1121
1114
1098
1085
1069
1059
1043
1031
1017
1004
992
981
967
941
942
955
968
982
993
998
1005
1006
1018
1019
1032
1033
1044
1045
1060
1070
1086
1122
1123
1136
1159
1160
1137
1138
1161
1124
1115
1099
1087
1072
1061
1047
1046
1071
1035
1034
1020
999
1007
985
972
971
970
956
994
984
983
969
909
926
927
932
933
943
944
897
886
872
860
841
828
816
801
790
778
768
752
829
945
934
910
887
873
861
842
830
817
802
791
779
727
714
701
668
667
610
551
522
523
532
539
552
559
569
576
584
593
594
611
647
658
659
648
649
626
627
612
628
629
613
614
615
616
595
596
585
597
598
564
560
553
507
499
498
506
505
504
484
474
448
442
441
406
386
380
379
378
377
351
345
308
298
299
289
290
291
319
320
326
335
327
321
309
310
301
300
292
283
282
239
252
240
241
242
243
208
201
202
209
216
244
253
254
260
255
245
246
233
223
217
210
175
185
180
169
163
162
153
119
170
164
154
145
146
186
181
155
147
139
138
129
120
107
108
97
94
86
71
78
90
87
82
79
72
65
61
53
42
41
34
40
39
37
31
29
14
23
24
20
21
22
15
11
25
26
18
-1
EOF
